ZF,16,18
