FY,107,109
FY,101,103
FY,114,116
FY,121,123
FY,108,110
