FY,340,343
FJ,239,242
ZH,3,6
ZH,213,216
FY,293,295
FY,340,342
FY,308,310
ZZ,50,52
ZZ,67,69
ZZ,55,57
ZZ,65,67
FY,274,275
FY,280,281
ZH,15,16
ZH,104,105
ZH,5,6
ZH,215,216
ZH,279,280
