FJ,180,183
FY,208,210
FY,186,188
FY,187,189
FY,238,240
FY,216,218
FY,224,226
FY,215,217
FY,209,211
FY,201,203
FY,231,233
FY,200,202
ZF,168,170
MX,59,61
ZZ,24,26
ZZ,76,78
ZZ,26,28
ZH,27,28
ZH,41,42
ZH,148,149
ZH,263,264
ZH,25,26
ZH,44,45
ZH,169,170
